0.000000000000000000e+00 9.090758456134148680e-02 1.489074961889401937e-02 7.031681505865718107e-02 1.161158120319024378e-01 9.710469920243908204e-02 2.632945231204295022e-02 9.975034796633011971e-03 7.252060181605284907e-03 3.428296842895963564e-02 2.087245653182510929e-02 4.970947573072929336e-05 9.049333893025207631e-02 5.345425623577756968e-02 2.923469500475001787e-02 2.154077281664935895e-02 8.137441177120385838e-02 5.322227868236749371e-02 2.692044274573050788e-02 6.969820824956365901e-02 2.817422618916112440e-02 2.658904624085898019e-02 2.699776859686719988e-02 6.075602589311358001e-05 1.104655016238428801e-04 3.888385657159269121e-03 1.436051521109957469e-04
1.555724498896182695e-01 1.462009678504071654e-05 1.577508443105893332e-02 2.290969166215880287e-02 8.070293425342475735e-03 1.754411614204886053e-04 2.353835582391555423e-03 1.782189798096463565e-02 1.652070936709601002e-03 2.613488501293878552e-01 1.695931227064723275e-03 1.462009678504071654e-05 3.355312212166844388e-02 2.454714250208336543e-02 1.466541908507434377e-01 3.070220324858550457e-04 1.985409143408529281e-02 3.888945744820830868e-03 7.207707715025073181e-02 4.482521674293483971e-02 3.293907805669673422e-02 6.505943069343118890e-02 6.225237211070337034e-02 0.000000000000000000e+00 1.023406774952850243e-04 6.125820552932060084e-03 4.093627099811400971e-04
1.931434089811685101e-03 8.321261870272010641e-02 8.047642040882021976e-04 0.000000000000000000e+00 1.287622726541123473e-03 1.519394817318525659e-01 0.000000000000000000e+00 0.000000000000000000e+00 1.609528408176404341e-04 1.698052470626106591e-01 8.691453404152582954e-03 0.000000000000000000e+00 2.562369225816835683e-01 4.828585224529212752e-04 0.000000000000000000e+00 1.287622726541123586e-01 0.000000000000000000e+00 0.000000000000000000e+00 1.432480283276999777e-01 3.235152100434572631e-02 3.540962497988089496e-03 1.690004828585224550e-02 3.219056816352808682e-04 0.000000000000000000e+00 0.000000000000000000e+00 3.219056816352808682e-04 0.000000000000000000e+00
8.184904237039521135e-02 6.797703365324168912e-02 0.000000000000000000e+00 1.274045513599597612e-02 8.381878378944722060e-05 2.525459955576044857e-01 0.000000000000000000e+00 0.000000000000000000e+00 1.555676627132140388e-01 4.899207912493189904e-02 0.000000000000000000e+00 3.352751351577888824e-04 2.053560202841456933e-02 0.000000000000000000e+00 0.000000000000000000e+00 2.481036000167637645e-01 0.000000000000000000e+00 5.867314865261305306e-04 3.926910020535601814e-02 1.466828716315326164e-03 3.159968148862159903e-02 3.717363061061983859e-02 0.000000000000000000e+00 0.000000000000000000e+00 0.000000000000000000e+00 1.089644189262813827e-03 8.381878378944722060e-05
1.814697376215199109e-01 8.470678420850900892e-02 0.000000000000000000e+00 0.000000000000000000e+00 1.045332589985713793e-04 4.848949440747064576e-01 0.000000000000000000e+00 3.484441966619045752e-05 2.787553573295236601e-04 9.171051256141328489e-02 6.968883933238091504e-05 0.000000000000000000e+00 0.000000000000000000e+00 2.264887278302379989e-03 0.000000000000000000e+00 5.233631833861807081e-02 0.000000000000000000e+00 0.000000000000000000e+00 3.066308930624760468e-02 6.690128575908568277e-03 3.135997769957141515e-04 6.435764312345378102e-02 3.484441966619045752e-05 0.000000000000000000e+00 0.000000000000000000e+00 6.968883933238091504e-05 0.000000000000000000e+00
3.969815725840073473e-01 8.633824276282377197e-03 9.778431357685922736e-04 2.050438513375226618e-02 3.251896939881597677e-03 1.271954094433874229e-02 4.540527428878966994e-03 5.662393972241382828e-03 6.594756031927715258e-04 6.738779439521539252e-03 1.796502505249274228e-03 0.000000000000000000e+00 4.649682011476391486e-02 3.504316912138141088e-02 1.078204710323446280e-01 9.096215216452020746e-04 9.725370102256618646e-03 8.944611629511154240e-04 7.652191050840262410e-02 1.144607081403545973e-01 7.840937516581641953e-02 4.496562388666115739e-02 1.146881135207659073e-02 0.000000000000000000e+00 4.517786890837836855e-03 1.743441249819970788e-04 6.124784912411027245e-03
1.770712162336823131e-02 2.489336952307095729e-01 0.000000000000000000e+00 0.000000000000000000e+00 0.000000000000000000e+00 1.379087501615613165e-01 9.641980095644306359e-02 0.000000000000000000e+00 0.000000000000000000e+00 1.384257464133384907e-01 0.000000000000000000e+00 0.000000000000000000e+00 5.053638361121881584e-02 0.000000000000000000e+00 0.000000000000000000e+00 1.567791133514281898e-01 0.000000000000000000e+00 0.000000000000000000e+00 9.512731032700012801e-02 5.169962517771745786e-03 5.169962517771746653e-04 5.247511955538322614e-02 0.000000000000000000e+00 0.000000000000000000e+00 0.000000000000000000e+00 0.000000000000000000e+00 0.000000000000000000e+00
1.859099804305283654e-02 1.077951728636660084e-01 0.000000000000000000e+00 0.000000000000000000e+00 0.000000000000000000e+00 3.369210697977821356e-01 0.000000000000000000e+00 1.793868232224396508e-03 6.523157208088714576e-04 7.697325505544683200e-02 0.000000000000000000e+00 0.000000000000000000e+00 3.424657534246575152e-02 1.630789302022178644e-03 9.670580560991519359e-02 4.566210045662100203e-02 0.000000000000000000e+00 0.000000000000000000e+00 1.717221135029354251e-01 1.467710371819960780e-03 1.908023483365949013e-02 8.545335942596216094e-02 0.000000000000000000e+00 0.000000000000000000e+00 0.000000000000000000e+00 1.304631441617742915e-03 0.000000000000000000e+00
2.991026919242273027e-02 2.889664340312396162e-01 0.000000000000000000e+00 0.000000000000000000e+00 0.000000000000000000e+00 4.250581588567630686e-01 0.000000000000000000e+00 0.000000000000000000e+00 0.000000000000000000e+00 6.463941508806912706e-02 0.000000000000000000e+00 0.000000000000000000e+00 0.000000000000000000e+00 1.495513459621136687e-03 4.985044865403788234e-04 1.354270521768029256e-01 0.000000000000000000e+00 0.000000000000000000e+00 1.761382519109338726e-02 4.985044865403788234e-04 4.985044865403788234e-04 2.725157859754070988e-02 0.000000000000000000e+00 0.000000000000000000e+00 0.000000000000000000e+00 8.142239946826187666e-03 0.000000000000000000e+00
1.349578412046316678e-01 9.475375619129656687e-03 6.079480510875146827e-03 1.525667997415806713e-02 1.152947802607384893e-02 1.054549671177961445e-01 7.934798813921513372e-03 1.492537313432835792e-02 0.000000000000000000e+00 3.478721818211936729e-04 1.325227359318833207e-04 0.000000000000000000e+00 9.771895240777245251e-02 2.302582536816472417e-02 9.892822237315089529e-02 3.099375486606921123e-02 2.020971722961220716e-03 9.806682458959365897e-03 7.253963258071462195e-02 1.419484155250385071e-01 1.982705782960889340e-01 1.325227359318833207e-04 1.532294134212400759e-02 0.000000000000000000e+00 2.683585402620636967e-03 0.000000000000000000e+00 5.135256017360478441e-04
1.712829603368047904e-01 1.294039441613117625e-01 0.000000000000000000e+00 0.000000000000000000e+00 0.000000000000000000e+00 3.928650565034345066e-01 0.000000000000000000e+00 0.000000000000000000e+00 0.000000000000000000e+00 0.000000000000000000e+00 0.000000000000000000e+00 0.000000000000000000e+00 0.000000000000000000e+00 0.000000000000000000e+00 0.000000000000000000e+00 2.333259472634611198e-01 0.000000000000000000e+00 0.000000000000000000e+00 0.000000000000000000e+00 0.000000000000000000e+00 0.000000000000000000e+00 7.312209173498780690e-02 0.000000000000000000e+00 0.000000000000000000e+00 0.000000000000000000e+00 0.000000000000000000e+00 0.000000000000000000e+00
8.695652173913043237e-02 8.695652173913043237e-02 0.000000000000000000e+00 0.000000000000000000e+00 0.000000000000000000e+00 3.478260869565217295e-01 0.000000000000000000e+00 0.000000000000000000e+00 0.000000000000000000e+00 2.173913043478260809e-01 0.000000000000000000e+00 0.000000000000000000e+00 0.000000000000000000e+00 0.000000000000000000e+00 0.000000000000000000e+00 4.347826086956521618e-02 0.000000000000000000e+00 0.000000000000000000e+00 4.347826086956521618e-02 4.347826086956521618e-02 0.000000000000000000e+00 4.347826086956521618e-02 0.000000000000000000e+00 0.000000000000000000e+00 0.000000000000000000e+00 8.695652173913043237e-02 0.000000000000000000e+00
1.826785592701028194e-01 1.607998002768888657e-01 3.381675404552779082e-03 5.446993940219241890e-04 2.496538889267152397e-04 3.301105285853702664e-01 2.269580808424683850e-04 1.861056262908240789e-03 1.497923333560291330e-03 4.911372869431016031e-02 0.000000000000000000e+00 2.269580808424684121e-05 1.307278545652617863e-01 9.532239395383672494e-04 2.269580808424684121e-05 3.134291096434488333e-02 9.986155557068609589e-04 1.005424298132135026e-02 0.000000000000000000e+00 1.300469803227343943e-02 2.541930505435645998e-03 7.825514627448310057e-02 2.950455050952088950e-04 0.000000000000000000e+00 0.000000000000000000e+00 1.248269444633576253e-03 6.808742425274052362e-05
4.830287206266318384e-02 1.923139686684073035e-01 4.002121409921671064e-02 0.000000000000000000e+00 0.000000000000000000e+00 3.515421018276762566e-01 0.000000000000000000e+00 0.000000000000000000e+00 0.000000000000000000e+00 6.139849869451697445e-02 0.000000000000000000e+00 0.000000000000000000e+00 1.550261096605744064e-03 9.999184073107049431e-02 9.791122715404698782e-04 1.176566579634464732e-01 6.731396866840731741e-02 0.000000000000000000e+00 0.000000000000000000e+00 1.223890339425587510e-03 9.383159268929504174e-04 1.431951697127937378e-02 0.000000000000000000e+00 0.000000000000000000e+00 0.000000000000000000e+00 2.447780678851175021e-03 0.000000000000000000e+00
2.506549731507460299e-01 3.727308199706423630e-02 3.716159720544788732e-05 5.096713056727178448e-02 6.690945576840892639e-02 1.251230977907430431e-01 7.097865066240546979e-03 1.428863412549471329e-02 1.467883089615191691e-03 2.456381575280105686e-02 3.901967706572028642e-04 3.716159720544788732e-05 4.459391664653747020e-04 7.432319441089577463e-05 4.496553261859194406e-02 3.944703543358293873e-02 0.000000000000000000e+00 2.712796595997696032e-03 9.104591315334733138e-04 8.887195971682862461e-02 2.204983370185250591e-01 1.371262936881027100e-02 8.547167357253014977e-03 0.000000000000000000e+00 3.901967706572028642e-04 3.344543748490310265e-04 2.787119790408591887e-04
1.524645475532103792e-02 1.268423856515893335e-04 1.045181257769096060e-02 1.600750906923057576e-02 1.745351226565869385e-02 7.534437707704406094e-03 4.921484563281666377e-03 3.627692229635454818e-03 1.065476039473350466e-03 1.118496156675714698e-01 6.342119282579467216e-04 2.536847713031786534e-05 2.169004794642177478e-02 8.358913214439736561e-02 2.506405540475405425e-01 2.790532484334965120e-04 1.131434080012176831e-02 2.841269438595601243e-03 7.354321520079148966e-02 3.003627692229635451e-02 2.945280194829904413e-02 2.926253836982166123e-01 1.623582536340343382e-03 0.000000000000000000e+00 2.029478170425429227e-04 1.309013419924401865e-02 1.268423856515893335e-04
1.603160906489849505e-02 2.496480312457423079e-01 0.000000000000000000e+00 1.952858894591034955e-03 0.000000000000000000e+00 1.657659294245878434e-01 0.000000000000000000e+00 0.000000000000000000e+00 1.385167355465734100e-02 3.038285117398610222e-02 0.000000000000000000e+00 0.000000000000000000e+00 1.051818883691357509e-01 0.000000000000000000e+00 9.083064626004814406e-05 1.614968890503656052e-01 3.873927062991053272e-02 0.000000000000000000e+00 1.490530905127389893e-01 2.152686316363141075e-02 1.149007675189608890e-02 3.465189154820836476e-02 0.000000000000000000e+00 0.000000000000000000e+00 0.000000000000000000e+00 1.362459693900722093e-04 0.000000000000000000e+00
1.893939393939393992e-03 0.000000000000000000e+00 0.000000000000000000e+00 0.000000000000000000e+00 0.000000000000000000e+00 0.000000000000000000e+00 0.000000000000000000e+00 0.000000000000000000e+00 0.000000000000000000e+00 0.000000000000000000e+00 0.000000000000000000e+00 0.000000000000000000e+00 0.000000000000000000e+00 0.000000000000000000e+00 0.000000000000000000e+00 0.000000000000000000e+00 0.000000000000000000e+00 0.000000000000000000e+00 0.000000000000000000e+00 0.000000000000000000e+00 0.000000000000000000e+00 9.981060606060605522e-01 0.000000000000000000e+00 0.000000000000000000e+00 0.000000000000000000e+00 0.000000000000000000e+00 0.000000000000000000e+00
2.321857485988791103e-01 1.118227915665866018e-01 2.976740366652296053e-03 2.163782307897599982e-02 2.635954917780378159e-02 3.078154831557553539e-01 2.874094147112561930e-03 5.727659050317177036e-03 4.105848781589374380e-05 7.308410831229085469e-02 6.158773172384060892e-05 0.000000000000000000e+00 5.563425099053601573e-03 1.510952351624889577e-02 8.191168319270801176e-03 5.822093572293732255e-02 2.935681878836402404e-03 2.627743220217199603e-03 1.892796288312701553e-02 3.910820964463878474e-02 4.678614686621091617e-02 1.153743507626614137e-02 5.768717538133070685e-03 0.000000000000000000e+00 0.000000000000000000e+00 5.132310976986718043e-04 1.231754634476812178e-04
4.931191094112826190e-01 7.717524928288485575e-02 0.000000000000000000e+00 6.266220461685562473e-03 1.707417019532850598e-05 1.259390793607430559e-01 5.463734462505121913e-04 6.829668078131402391e-05 2.048900423439420717e-04 6.315735555252015299e-02 3.414834039065701196e-05 1.707417019532850598e-05 5.122251058598551794e-05 9.390793607430679034e-04 2.390383827345990973e-04 6.319150389291081082e-02 9.885944543095204901e-03 9.595683649774620211e-03 5.122251058598551794e-05 6.370372899877066453e-02 4.434161999726813491e-02 2.859923507717524946e-02 3.414834039065701196e-05 1.190069662614396881e-02 0.000000000000000000e+00 8.707826799617538523e-04 5.122251058598551794e-05
4.474512963234217322e-01 9.409330599091841885e-02 3.661930569796396841e-05 9.154826424490991425e-05 0.000000000000000000e+00 1.804233191738684738e-01 0.000000000000000000e+00 0.000000000000000000e+00 4.376007030906694205e-03 7.001611249450710728e-02 1.830965284898198285e-04 0.000000000000000000e+00 3.661930569796396570e-04 3.295737512816757022e-04 0.000000000000000000e+00 4.482203017430789332e-02 1.830965284898198421e-05 0.000000000000000000e+00 8.210048337483520642e-02 1.755895708217372272e-02 3.861505785850300604e-02 1.898711000439431626e-02 0.000000000000000000e+00 1.830965284898198421e-05 0.000000000000000000e+00 5.126702797714955849e-04 0.000000000000000000e+00
1.897189064304967143e-01 1.827108201771274545e-02 4.736234116288024973e-03 1.276472853292260311e-02 7.681940700808625490e-03 1.324412783981517017e-01 4.370427416249518873e-03 3.157489410858682882e-03 5.198305737389295094e-04 1.003080477474008469e-01 4.928763958413554316e-03 0.000000000000000000e+00 2.608779360800924166e-02 7.585675779745860818e-03 9.547554871005005384e-02 2.329611089718906444e-03 1.216788602233346249e-02 1.463226800154023965e-03 1.457450904890257859e-01 9.387755102040816479e-02 6.804004620716211371e-02 0.000000000000000000e+00 3.440508278783211554e-02 0.000000000000000000e+00 3.242202541393916088e-02 1.386214863303812097e-03 1.155179052753176793e-04
2.604166666666666522e-03 2.863175675675675436e-01 0.000000000000000000e+00 0.000000000000000000e+00 0.000000000000000000e+00 3.135557432432432567e-01 0.000000000000000000e+00 0.000000000000000000e+00 0.000000000000000000e+00 1.456221846846846857e-01 0.000000000000000000e+00 0.000000000000000000e+00 0.000000000000000000e+00 0.000000000000000000e+00 0.000000000000000000e+00 1.932713963963963999e-01 0.000000000000000000e+00 0.000000000000000000e+00 4.230011261261261424e-02 0.000000000000000000e+00 0.000000000000000000e+00 1.590653153153153213e-02 0.000000000000000000e+00 0.000000000000000000e+00 0.000000000000000000e+00 4.222972972972973207e-04 0.000000000000000000e+00
0.000000000000000000e+00 9.971791255289139677e-01 0.000000000000000000e+00 0.000000000000000000e+00 0.000000000000000000e+00 0.000000000000000000e+00 0.000000000000000000e+00 0.000000000000000000e+00 0.000000000000000000e+00 2.820874471086036624e-03 0.000000000000000000e+00 0.000000000000000000e+00 0.000000000000000000e+00 0.000000000000000000e+00 0.000000000000000000e+00 0.000000000000000000e+00 0.000000000000000000e+00 0.000000000000000000e+00 0.000000000000000000e+00 0.000000000000000000e+00 0.000000000000000000e+00 0.000000000000000000e+00 0.000000000000000000e+00 0.000000000000000000e+00 0.000000000000000000e+00 0.000000000000000000e+00 0.000000000000000000e+00
7.009607686148918715e-01 3.082465972778222416e-02 0.000000000000000000e+00 3.763010408326661338e-02 0.000000000000000000e+00 4.363490792634107385e-02 0.000000000000000000e+00 0.000000000000000000e+00 3.202562049639711556e-03 5.684547638110488271e-02 0.000000000000000000e+00 0.000000000000000000e+00 0.000000000000000000e+00 0.000000000000000000e+00 0.000000000000000000e+00 8.006405124099278889e-04 6.244995996797438054e-02 2.041633306645316420e-02 0.000000000000000000e+00 0.000000000000000000e+00 3.682946357085668809e-02 4.003202562049639444e-04 5.204163330664531711e-03 0.000000000000000000e+00 0.000000000000000000e+00 8.006405124099278889e-04 0.000000000000000000e+00
3.527710843373493832e-01 2.506024096385542355e-01 0.000000000000000000e+00 4.337349397590361567e-03 9.638554216867469427e-04 1.759036144578313143e-01 0.000000000000000000e+00 2.891566265060241045e-03 0.000000000000000000e+00 1.927710843373493885e-03 0.000000000000000000e+00 0.000000000000000000e+00 1.156626506024096418e-02 2.891566265060241045e-02 1.927710843373493885e-03 3.807228915662650565e-02 9.156626506024096931e-03 0.000000000000000000e+00 9.638554216867470728e-03 1.050602409638554252e-01 5.301204819277108293e-03 4.819277108433734714e-04 0.000000000000000000e+00 0.000000000000000000e+00 0.000000000000000000e+00 0.000000000000000000e+00 4.819277108433734714e-04
8.646055437100212959e-01 1.279317697228144965e-02 0.000000000000000000e+00 0.000000000000000000e+00 0.000000000000000000e+00 5.650319829424307189e-02 0.000000000000000000e+00 0.000000000000000000e+00 0.000000000000000000e+00 2.132196162046908275e-03 0.000000000000000000e+00 0.000000000000000000e+00 0.000000000000000000e+00 0.000000000000000000e+00 0.000000000000000000e+00 3.731343283582089221e-02 0.000000000000000000e+00 0.000000000000000000e+00 0.000000000000000000e+00 0.000000000000000000e+00 2.132196162046908275e-03 1.492537313432835792e-02 1.066098081023454137e-03 0.000000000000000000e+00 0.000000000000000000e+00 4.264392324093816550e-03 4.264392324093816550e-03
